"road","identifier","extent","point","display_type","title","subtitle","delay_minutes","abnormalTrafficType","averageSpeed","startTimestamp","description","latitude","longitude"
"A1","undefined--vi-zus.2025-05-27_18-41-49-000.f_003.de0","49.41409680094352,6.987714099996616,49.382236700943636,7.002394199996714","49.41409680094352,6.987714099996616","WARNING","A1 | Schellenbach - Saarbrücken"," Trier -> Saarbrücken",NA,NA,NA,2025-05-27,"Beginn: 27.05.25 um 18:41 Uhr  Zusammengesetzte Verkehrsinformation, seit 27.05.2025, 18:41 A1: Trier -> Saarbrücken, zwischen 3.2 km hinter Schellenbach und 3.6 km vor AK Saarbrücken  Gefahr durch Personen auf der Fahrbahn  A1 Trier Richtung Saarbrücken zwischen Eppelborn und Illingen Gefahr durch Personen auf der Fahrbahn, Gefahr durch defekten PKW",49.4140968009435,6.98771409999662
"A1","undefined--vi-avl.2025-05-27_11-34-14-000.f_017.de0","51.032661025753505,6.95841052292552,51.037448604104135,6.987337735362134","51.032661025753505,6.95841052292552","WARNING","A1 | Köln-Niehl - Leverkusen"," Köln -> Dortmund",2,"QUEUING_TRAFFIC","31.299999237060547",2025-05-27,"Beginn: 27.05.25 um 11:34 Uhr  Angespannte Verkehrslage, seit 27.05.2025, 11:34 A1: Köln -> Dortmund, zwischen 1.5 km hinter AS Köln-Niehl und 1.5 km vor AK Leverkusen  Stockender Verkehr Reisezeitverlust: 2 Minuten Durchschnittsgeschwindigkeit: 31 km/h",51.0326610257535,6.95841052292552
"A1","undefined--vi-zus.2025-05-27_19-13-49-000.f.de0","51.285992567977836,7.257236793992703,51.30275679104875,7.262954365965742","51.285992567977836,7.257236793992703","WARNING","A1 | Wuppertal-Langerfeld - Wuppertal-Nord"," Köln -> Dortmund",1,"SLOW_TRAFFIC","39.599998474121094",2025-05-27,"Beginn: 27.05.25 um 19:13 Uhr  Zusammengesetzte Verkehrsinformation, seit 27.05.2025, 19:13 A1: Köln -> Dortmund, zwischen 0.3 km hinter AS Wuppertal-Langerfeld und 1.4 km vor AK Wuppertal-Nord  Langsamer Verkehr Reisezeitverlust: 1 Minuten Durchschnittsgeschwindigkeit: 39 km/h",51.2859925679778,7.2572367939927
"A1","undefined--vi-avl.2025-05-27_18-31-15-000.f.de0","51.35559540058328,7.368699947773206,51.384641316573436,7.437943848608627","51.35559540058328,7.368699947773206","WARNING","A1 | Gevelsberg - Hagen-West"," Köln -> Dortmund",23,"STATIONARY_TRAFFIC","13.699999809265137",2025-05-27,"Beginn: 27.05.25 um 18:31 Uhr  Angespannte Verkehrslage, seit 27.05.2025, 18:31 A1: Köln -> Dortmund, zwischen 2.3 km hinter AS Gevelsberg und 0.1 km vor AS Hagen-West  Im Stillstand Reisezeitverlust: 23 Minuten Durchschnittsgeschwindigkeit: 13 km/h",51.3555954005833,7.36869994777321
"A1","undefined--vi-avl.2025-05-27_18-37-09-000.f_013.de0","51.35559540058328,7.368699947773206,51.35559540058328,7.368699947773206","51.35559540058328,7.368699947773206","WARNING","A1 | Volmarstein - Volmarstein"," Köln -> Dortmund",NA,"STATIONARY_TRAFFIC","8",2025-05-27,"Beginn: 27.05.25 um 19:22 Uhr  Angespannte Verkehrslage, seit 27.05.2025, 19:22 A1: Köln -> Dortmund, 1.3 km vor AS Volmarstein, aus Richtung Gevelsberg  Im Stillstand Durchschnittsgeschwindigkeit: 8 km/h",51.3555954005833,7.36869994777321
"A1","undefined--vi-avl.2025-05-27_17-00-58-000.f_004.de0","53.03252933584739,8.867123187968964,53.03252933584739,8.867123187968964","53.03252933584739,8.867123187968964","WARNING","A1 | Bremen-Hemelingen - Bremen-Hemelingen"," Osnabrück -> Bremen",NA,"STATIONARY_TRAFFIC","19",2025-05-27,"Beginn: 27.05.25 um 19:22 Uhr  Angespannte Verkehrslage, seit 27.05.2025, 19:22 A1: Osnabrück -> Bremen, 1.5 km vor AS Bremen-Hemelingen, aus Richtung Bremen-Arsten  Im Stillstand Durchschnittsgeschwindigkeit: 19 km/h",53.0325293358474,8.86712318796896
"A1","undefined--vi-avl.2025-05-27_05-46-00-000.f_011.de0","53.03115610996464,8.925136771040222,53.031460453437994,8.864211532227444","53.03115610996464,8.925136771040222","WARNING","A1 | Mahndorfer Marsch - Bremen-Arsten"," Bremen -> Osnabrück",5,"QUEUING_TRAFFIC","32.29999923706055",2025-05-27,"Beginn: 27.05.25 um 05:46 Uhr  Angespannte Verkehrslage, seit 27.05.2025, 05:46 A1: Bremen -> Osnabrück, zwischen 1.4 km hinter Mahndorfer Marsch und 0.4 km vor AS Bremen-Arsten  Stockender Verkehr Reisezeitverlust: 5 Minuten Durchschnittsgeschwindigkeit: 32 km/h",53.0311561099646,8.92513677104022
"A2","undefined--vi-avl.2025-05-27_12-54-16-000.f_005.de0","51.5386298801034,6.843310174342619,51.539647002850415,6.880701995345694","51.5386298801034,6.843310174342619","WARNING","A2 | Oberhausen - Schwarze Heide"," Oberhausen -> Dortmund",1,"SLOW_TRAFFIC","55.900001525878906",2025-05-27,"Beginn: 27.05.25 um 12:54 Uhr  Angespannte Verkehrslage, seit 27.05.2025, 12:54 A2: Oberhausen -> Dortmund, zwischen 0.6 km hinter AK Oberhausen und 0.3 km vor Schwarze Heide  Langsamer Verkehr Reisezeitverlust: 1 Minuten Durchschnittsgeschwindigkeit: 55 km/h",51.5386298801034,6.84331017434262
"A2","undefined--vi-hind.2025-05-27_17-53-39-000.f_007.de0","51.55310006017077,6.965210460023305,51.55215959496821,6.918775616324328","51.55310006017077,6.965210460023305","WARNING","A2 | Essen/Gladbeck - Bottrop"," Dortmund -> Oberhausen",NA,NA,NA,2025-05-27,"Beginn: 27.05.25 um 17:53 Uhr  Fahrzeug-Hindernis, seit 27.05.2025, 17:53 A2: Dortmund -> Oberhausen, zwischen 1.3 km hinter AS Essen/Gladbeck und 0.3 km vor AS Bottrop Gefahr durch ein defektes Fahrzeug auf der Fahrbahn",51.5531000601708,6.9652104600233
"A2","undefined--vi-hind.2025-05-27_17-08-51-000.f_005.de0","51.56170043959118,7.0649355117968575,51.57927572389238,7.173040444434201","51.56170043959118,7.0649355117968575","WARNING","A2 | Allenstein - Stuckenbusch"," Oberhausen -> Dortmund",NA,NA,NA,2025-05-27,"Beginn: 27.05.25 um 17:08 Uhr  Hindernis, seit 27.05.2025, 17:08 A2: Oberhausen -> Dortmund, zwischen 2.3 km hinter Allenstein und 0.4 km vor Stuckenbusch  Gefahr durch Gegenstände auf der Fahrbahn",51.5617004395912,7.06493551179686
"A2","undefined--vi-avl.2025-05-27_14-59-49-000.f_007.de0","52.21626325372609,9.186465133732225,52.21626325372609,9.186465133732225","52.21626325372609,9.186465133732225","WARNING","A2 | Bernser Kirchweg - Bernser Kirchweg"," Hannover -> Dortmund",NA,"STATIONARY_TRAFFIC","22",2025-05-27,"Beginn: 27.05.25 um 19:22 Uhr  Angespannte Verkehrslage, seit 27.05.2025, 19:22 A2: Hannover -> Dortmund, 1.3 km vor Bernser Kirchweg, aus Richtung Auetal Nord  Im Stillstand Durchschnittsgeschwindigkeit: 22 km/h",52.2162632537261,9.18646513373223
"A2","undefined--vi-avl.2025-05-27_04-26-30-000.f.de0","52.21625999324095,9.186451493038746,52.220831791002425,9.080120323305678","52.21625999324095,9.186451493038746","WARNING","A2 | Auetal Nord - Papenbrink"," Hannover -> Dortmund",16,"STATIONARY_TRAFFIC","22",2025-05-27,"Beginn: 27.05.25 um 04:26 Uhr  Angespannte Verkehrslage, seit 27.05.2025, 04:26 A2: Hannover -> Dortmund, zwischen 2.9 km hinter Auetal Nord und 1.8 km vor Papenbrink  Im Stillstand Reisezeitverlust: 16 Minuten Durchschnittsgeschwindigkeit: 22 km/h",52.216259993241,9.18645149303875
"A2","undefined--vi-hind.2025-05-27_19-11-34-000.f.de0","52.223880675023125,9.225687032971752,52.2223660220814,9.221048244180865","52.223880675023125,9.225687032971752","WARNING","A2 | Auetal Nord - Bernser Kirchweg"," Hannover -> Dortmund",NA,NA,NA,2025-05-27,"Beginn: 27.05.25 um 19:11 Uhr  Fahrzeug-Hindernis, seit 27.05.2025, 19:11 A2: Hannover -> Dortmund, zwischen Auetal Nord und 3.8 km vor Bernser Kirchweg",52.2238806750231,9.22568703297175
"A2","undefined--vi-avl.2025-05-27_18-59-46-000.f_001.de0","52.199530500038634,11.243615574931123,52.20140822961903,11.215559102458181","52.199530500038634,11.243615574931123","WARNING","A2 | Lorkberg - Alleringersleben"," Magdeburg -> Braunschweig",0,"SLOW_TRAFFIC","56.29999923706055",2025-05-27,"Beginn: 27.05.25 um 18:59 Uhr  Angespannte Verkehrslage, seit 27.05.2025, 18:59 A2: Magdeburg -> Braunschweig, zwischen 0.2 km hinter Lorkberg und 5.7 km vor AS Alleringersleben  Langsamer Verkehr Reisezeitverlust: 0 Minuten Durchschnittsgeschwindigkeit: 56 km/h",52.1995305000386,11.2436155749311
"A2","undefined--vi-avl.2025-05-27_19-00-24-000.f_001.de0","52.17638532994832,11.479714121161983,52.16517784940581,11.51062049444807","52.17638532994832,11.479714121161983","WARNING","A2 | Börde - Magdeburg"," Braunschweig -> Magdeburg",4,"STATIONARY_TRAFFIC","28.600000381469727",2025-05-27,"Beginn: 27.05.25 um 19:00 Uhr  Angespannte Verkehrslage, seit 27.05.2025, 19:00 A2: Braunschweig -> Magdeburg, zwischen 2.1 km hinter Börde und 2.4 km vor AK Magdeburg  Im Stillstand Reisezeitverlust: 4 Minuten Durchschnittsgeschwindigkeit: 28 km/h",52.1763853299483,11.479714121162
"A2","undefined--vi-avl.2025-05-27_19-22-30-000.f_004.de0","52.17637332931936,11.479753394347739,52.17637332931936,11.479753394347739","52.17637332931936,11.479753394347739","WARNING","A2 | Irxleben - Irxleben"," Braunschweig -> Magdeburg",NA,"STATIONARY_TRAFFIC","25",2025-05-27,"Beginn: 27.05.25 um 19:22 Uhr  Angespannte Verkehrslage, seit 27.05.2025, 19:22 A2: Braunschweig -> Magdeburg, 0.7 km vor AS Irxleben, aus Richtung Börde  Im Stillstand Durchschnittsgeschwindigkeit: 25 km/h",52.1763733293194,11.4797533943477
"A3","undefined--vi-avl.2025-05-27_17-52-03-000.f_019.de0","48.5335684009485,13.400091000191024,48.548512199171626,13.396734888944527","48.5335684009485,13.400091000191024","WARNING","A3 | Rottal-Ost - Hammerbach"," Linz -> Nürnberg",0,"SLOW_TRAFFIC","62.099998474121094",2025-05-27,"Beginn: 27.05.25 um 17:52 Uhr  Angespannte Verkehrslage, seit 27.05.2025, 17:52 A3: Linz -> Nürnberg, zwischen 8.7 km hinter Rottal-Ost und 1.4 km vor Hammerbach  Langsamer Verkehr Reisezeitverlust: 0 Minuten Durchschnittsgeschwindigkeit: 62 km/h",48.5335684009485,13.400091000191
"A3","undefined--vi-hind.2025-05-27_19-14-16-000.f.de0","49.470140859788934,11.185468655478228,49.47125890094331,11.184103300004905","49.470140859788934,11.185468655478228","WARNING","A3 | Nürnberg-Mögeldorf - Nürnberg/Behringersdorf"," Passau -> Würzburg",NA,NA,NA,2025-05-27,"Beginn: 27.05.25 um 19:14 Uhr  Fahrzeug-Hindernis, seit 27.05.2025, 19:14 A3: Passau -> Würzburg, zwischen 0.1 km hinter AS Nürnberg-Mögeldorf und 0.8 km vor AS Nürnberg/Behringersdorf Gefahr durch ein defektes Fahrzeug auf der Fahrbahn",49.4701408597889,11.1854686554782
"A3","undefined--vi-avl.2025-05-27_19-01-58-000.f.de0","49.71249121103524,10.844146970476729,49.72531400094229,10.823988200002175","49.71249121103524,10.844146970476729","WARNING","A3 | Höchstadt-Ost - Pommersfelden"," Nürnberg -> Würzburg",1,"SLOW_TRAFFIC","41",2025-05-27,"Beginn: 27.05.25 um 19:01 Uhr  Angespannte Verkehrslage, seit 27.05.2025, 19:01 A3: Nürnberg -> Würzburg, zwischen 1.7 km hinter AS Höchstadt-Ost und 0.2 km vor AS Pommersfelden  Langsamer Verkehr Reisezeitverlust: 1 Minuten Durchschnittsgeschwindigkeit: 41 km/h",49.7124912110352,10.8441469704767
"A3","undefined--vi-avl.2025-05-27_19-21-36-000.f.de0","49.91029722321425,9.369160291758515,49.91519920902085,9.362865071697454","49.91029722321425,9.369160291758515","WARNING","A3 | Rohrbrunn - Weibersbrunn"," Würzburg -> Frankfurt",0,"STATIONARY_TRAFFIC","34.79999923706055",2025-05-27,"Beginn: 27.05.25 um 19:21 Uhr  Angespannte Verkehrslage, seit 27.05.2025, 19:21 A3: Würzburg -> Frankfurt, zwischen 2.1 km hinter AS Rohrbrunn und 2.9 km vor AS Weibersbrunn  Im Stillstand Reisezeitverlust: 0 Minuten Durchschnittsgeschwindigkeit: 34 km/h",49.9102972232143,9.36916029175852
"A3","undefined--vi-avl.2025-05-27_19-15-36-000.f_001.de0","49.97786778069669,9.273534129058412,49.98929925553983,9.254991467909955","49.97786778069669,9.273534129058412","WARNING","A3 | Weibersbrunn - Birkenhain"," Würzburg -> Frankfurt",5,"STATIONARY_TRAFFIC","16.600000381469727",2025-05-27,"Beginn: 27.05.25 um 19:15 Uhr  Angespannte Verkehrslage, seit 27.05.2025, 19:15 A3: Würzburg -> Frankfurt, zwischen 6.9 km hinter AS Weibersbrunn und 1.0 km vor Birkenhain  Im Stillstand Reisezeitverlust: 5 Minuten Durchschnittsgeschwindigkeit: 16 km/h",49.9778677806967,9.27353412905841
"A3","undefined--vi-avl.2025-05-27_19-22-30-000.f.de0","49.91029722321425,9.369160291758515,49.91029722321425,9.369160291758515","49.91029722321425,9.369160291758515","WARNING","A3 | Weibersbrunn - Weibersbrunn"," Würzburg -> Frankfurt",NA,"STATIONARY_TRAFFIC","21",2025-05-27,"Beginn: 27.05.25 um 19:22 Uhr  Angespannte Verkehrslage, seit 27.05.2025, 19:22 A3: Würzburg -> Frankfurt, 3.7 km vor AS Weibersbrunn, aus Richtung Rohrbrunn  Im Stillstand Durchschnittsgeschwindigkeit: 21 km/h",49.9102972232143,9.36916029175852
"A3","undefined--vi-avl.2025-05-27_19-20-00-000.f_003.de0","49.97782060767625,9.273668982895515,49.97782060767625,9.273668982895515","49.97782060767625,9.273668982895515","WARNING","A3 | Röthenwald - Röthenwald"," Würzburg -> Frankfurt",NA,"STATIONARY_TRAFFIC","17",2025-05-27,"Beginn: 27.05.25 um 19:22 Uhr  Angespannte Verkehrslage, seit 27.05.2025, 19:22 A3: Würzburg -> Frankfurt, 0.9 km vor Röthenwald, aus Richtung Weibersbrunn  Im Stillstand Durchschnittsgeschwindigkeit: 17 km/h",49.9778206076763,9.27366898289552
"A3","undefined--vi-avl.2025-05-27_19-17-37-000.f.de0","51.24626059785192,6.9118255258707775,51.25637000093483,6.914257399996455","51.24626059785192,6.9118255258707775","WARNING","A3 | Stindertal / Stinderhof - Mettmann"," Köln -> Oberhausen",0,"SLOW_TRAFFIC","69.0999984741211",2025-05-27,"Beginn: 27.05.25 um 19:17 Uhr  Angespannte Verkehrslage, seit 27.05.2025, 19:17 A3: Köln -> Oberhausen, zwischen 1.0 km hinter Stindertal / Stinderhof und 0.4 km vor AS Mettmann  Langsamer Verkehr Reisezeitverlust: 0 Minuten Durchschnittsgeschwindigkeit: 69 km/h",51.2462605978519,6.91182552587078
"A3","undefined--vi-avl.2025-05-27_18-32-27-000.f.de0","51.4993096965471,6.8208564042335444,51.53193199072161,6.822896983858008","51.4993096965471,6.8208564042335444","WARNING","A3 | Oberhausen-West - Oberhausen"," Köln -> Arnheim",5,"QUEUING_TRAFFIC","33.099998474121094",2025-05-27,"Beginn: 27.05.25 um 18:32 Uhr  Angespannte Verkehrslage, seit 27.05.2025, 18:32 A3: Köln -> Arnheim, zwischen 1.4 km hinter AK Oberhausen-West und 1.0 km vor AK Oberhausen  Stockender Verkehr Reisezeitverlust: 5 Minuten Durchschnittsgeschwindigkeit: 33 km/h",51.4993096965471,6.82085640423354
"A4","undefined--vi-hind.2025-05-27_18-17-37-000.f_002.de0","50.803089363234264,6.152370164881503,50.80269649153885,6.155107376716182","50.803089363234264,6.152370164881503","WARNING","A4 | Toresberg - Aachen"," Heerlen/Aachen -> Köln",NA,NA,NA,2025-05-27,"Beginn: 27.05.25 um 18:17 Uhr  Fahrzeug-Hindernis, seit 27.05.2025, 18:17 A4: Heerlen/Aachen -> Köln, zwischen 1.0 km hinter Toresberg und 1.1 km vor AK Aachen Gefahr durch ein defektes Fahrzeug auf der Fahrbahn",50.8030893632343,6.1523701648815
"A4","undefined--vi-avl.2025-05-27_19-14-16-000.f_006.de0","50.90005643271335,6.905698698406481,50.891618938001756,6.924295559226965","50.90005643271335,6.905698698406481","WARNING","A4 | Köln-West - Köln-Eifeltor"," Heerlen/Aachen -> Köln",0,"SLOW_TRAFFIC","59.5",2025-05-27,"Beginn: 27.05.25 um 19:14 Uhr  Angespannte Verkehrslage, seit 27.05.2025, 19:14 A4: Heerlen/Aachen -> Köln, zwischen 5.1 km hinter AK Köln-West und 0.1 km vor AS Köln-Eifeltor  Langsamer Verkehr Reisezeitverlust: 0 Minuten Durchschnittsgeschwindigkeit: 59 km/h",50.9000564327133,6.90569869840648
"A4","undefined--vi-zus.2025-05-27_19-19-30-000.f.de0","50.88828072972216,6.932411857352662,50.8944794610657,6.918420191363288","50.88828072972216,6.932411857352662","WARNING","A4 | Köln-Süd - Köln-Klettenberg"," Köln -> Heerlen/Aachen",0,"SLOW_TRAFFIC","61.29999923706055",2025-05-27,"Beginn: 27.05.25 um 19:19 Uhr  Zusammengesetzte Verkehrsinformation, seit 27.05.2025, 19:19 A4: Köln -> Heerlen/Aachen, zwischen 2.6 km hinter AK Köln-Süd und 0.8 km vor AS Köln-Klettenberg  Langsamer Verkehr Reisezeitverlust: 0 Minuten Durchschnittsgeschwindigkeit: 61 km/h",50.8882807297222,6.93241185735266
"A4","undefined--vi-avl.2025-05-27_19-02-26-000.f.de0","50.91175029017286,7.006076776619304,50.91175029017286,7.006076776619304","50.91175029017286,7.006076776619304","WARNING","A4 | Köln-Poll - Köln-Poll"," Köln -> Heerlen/Aachen",NA,"STATIONARY_TRAFFIC","20",2025-05-27,"Beginn: 27.05.25 um 19:22 Uhr  Angespannte Verkehrslage, seit 27.05.2025, 19:22 A4: Köln -> Heerlen/Aachen, 0.3 km vor AS Köln-Poll, aus Richtung Köln-Gremberg  Im Stillstand Durchschnittsgeschwindigkeit: 20 km/h",50.9117502901729,7.0060767766193
"A4","undefined--vi-hind.2025-05-27_19-01-28-000.f_003.de0","50.90413125118719,6.995727010006198,50.895220756415554,6.985291027614752","50.90413125118719,6.995727010006198","WARNING","A4 | Köln-Poll - Köln-Süd"," Köln -> Heerlen/Aachen",NA,NA,NA,2025-05-27,"Beginn: 27.05.25 um 19:01 Uhr  Hindernis, seit 27.05.2025, 19:01 A4: Köln -> Heerlen/Aachen, zwischen 0.8 km hinter AS Köln-Poll und 1.6 km vor AK Köln-Süd  Gefahr durch eine ungesicherte Unfallstelle",50.9041312511872,6.9957270100062
"A4","undefined--vi-zus.2025-05-27_14-57-31-000.f_010.de0","50.91179570093673,7.006164999997021,50.89843917651149,6.9889053372645185","50.91179570093673,7.006164999997021","WARNING","A4 | Köln-Gremberg - Köln-Süd"," Köln -> Heerlen/Aachen",3,"STATIONARY_TRAFFIC","24.700000762939453",2025-05-27,"Beginn: 27.05.25 um 14:57 Uhr  Zusammengesetzte Verkehrsinformation, seit 27.05.2025, 14:57 A4: Köln -> Heerlen/Aachen, zwischen 1.6 km hinter AK Köln-Gremberg und 2.1 km vor AK Köln-Süd  Gefahr durch eine ungesicherte Unfallstelle  Im Stillstand Reisezeitverlust: 3 Minuten Durchschnittsgeschwindigkeit: 24 km/h",50.9117957009367,7.00616499999702
"A5","undefined--vi-avl.2025-05-27_19-22-30-000.f_003.de0","47.59949489425307,7.602549503284352,47.59949489425307,7.602549503284352","47.59949489425307,7.602549503284352","WARNING","A5 | Weil am Rhein - Weil am Rhein"," Karlsruhe -> Basel",NA,"STATIONARY_TRAFFIC","4",2025-05-27,"Beginn: 27.05.25 um 19:22 Uhr  Angespannte Verkehrslage, seit 27.05.2025, 19:22 A5: Karlsruhe -> Basel, 0.2 km vor Weil am Rhein, aus Richtung Weil am Rhein/Hüningen  Im Stillstand Durchschnittsgeschwindigkeit: 4 km/h",47.5994948942531,7.60254950328435
"A5","undefined--vi-avl.2025-05-27_19-18-05-000.f.de0","47.59940691204181,7.602577281478746,47.59640356018629,7.603538880267607","47.59940691204181,7.602577281478746","WARNING","Baustelle"," km 812.56 --> km 812.90",2,"STATIONARY_TRAFFIC","7.599999904632568",2025-05-27,"Beginn: 27.05.25 um 19:18 Uhr  Angespannte Verkehrslage, seit 27.05.2025, 19:18 A5: km 812.56 --> km 812.90  Im Stillstand Reisezeitverlust: 2 Minuten Durchschnittsgeschwindigkeit: 7 km/h",47.5994069120418,7.60257728147875
"A6","undefined--vi-hind.2025-05-27_19-14-16-000.f_001.de0","49.546651966258985,8.396858367680169,49.54618762762915,8.39858137553775","49.546651966258985,8.396858367680169","WARNING","A6 | Ludwigshafen-Nord - Rheinbrücke Frankenthal"," Kaiserslautern -> Mannheim",NA,NA,NA,2025-05-27,"Beginn: 27.05.25 um 19:14 Uhr  Fahrzeug-Hindernis, seit 27.05.2025, 19:14 A6: Kaiserslautern -> Mannheim, zwischen 0.2 km hinter AS Ludwigshafen-Nord und 1.4 km vor Rheinbrücke Frankenthal Gefahr durch ein defektes Fahrzeug auf der Fahrbahn",49.546651966259,8.39685836768017
"A6","undefined--vi-avl.2025-05-27_14-26-40-000.f_007.de0","49.27936585976426,8.726617344662337,49.277744085552456,8.629344848863163","49.27936585976426,8.726617344662337","WARNING","A6 | Sinsheim - Walldorf"," Heilbronn -> Mannheim",6,"QUEUING_TRAFFIC","43.400001525878906",2025-05-27,"Beginn: 27.05.25 um 14:26 Uhr  Angespannte Verkehrslage, seit 27.05.2025, 14:26 A6: Heilbronn -> Mannheim, zwischen 10.3 km hinter AS Sinsheim und 0.7 km vor AK Walldorf  Stockender Verkehr Reisezeitverlust: 6 Minuten Durchschnittsgeschwindigkeit: 43 km/h",49.2793658597643,8.72661734466234
"A6","undefined--vi-hind.2025-05-27_19-17-10-000.f_003.de0","49.40823154485559,11.765493791256365,49.39581372289783,11.913037301741664","49.40823154485559,11.765493791256365","WARNING","A6 | Brunnberg - Amberg-Ost"," Nürnberg -> Pilsen",NA,NA,NA,2025-05-27,"Beginn: 27.05.25 um 19:17 Uhr  Hindernis, seit 27.05.2025, 19:17 A6: Nürnberg -> Pilsen, zwischen 1.6 km hinter Brunnberg und 4.9 km vor AS Amberg-Ost",49.4082315448556,11.7654937912564
"A6","undefined--vi-hind.2025-05-27_19-17-10-000.f_002.de0","49.395912305928995,11.912940226655357,49.40833820094361,11.765528600015488","49.395912305928995,11.912940226655357","WARNING","A6 | Amberg-Ost - Brunnberg"," Pilsen -> Nürnberg",NA,NA,NA,2025-05-27,"Beginn: 27.05.25 um 19:17 Uhr  Hindernis, seit 27.05.2025, 19:17 A6: Pilsen -> Nürnberg, zwischen 4.9 km hinter AS Amberg-Ost und 1.6 km vor Brunnberg",49.395912305929,11.9129402266554
"A7","undefined--vi-zus.2025-05-27_18-30-04-000.f.de0","47.57144969209724,10.660382444103417,47.577037246669576,10.66215100562998","47.57144969209724,10.660382444103417","WARNING","A7 | Grenztunnel Füssen - Reinertshofertunnel"," Füssen/Reutte -> Ulm",1,"STATIONARY_TRAFFIC","18",2025-05-27,"Beginn: 27.05.25 um 18:30 Uhr  Zusammengesetzte Verkehrsinformation, seit 27.05.2025, 18:30 A7: Füssen/Reutte -> Ulm, zwischen 1.4 km hinter Grenztunnel Füssen und 2.7 km vor Reinertshofertunnel  Im Stillstand Reisezeitverlust: 1 Minuten Durchschnittsgeschwindigkeit: 18 km/h",47.5714496920972,10.6603824441034
"A7","undefined--vi-avl.2025-05-27_18-30-04-000.f_002.de0","47.57145842080008,10.660385661305725,47.57145842080008,10.660385661305725","47.57145842080008,10.660385661305725","WARNING","A7 | Füssen - Füssen"," Füssen/Reutte -> Ulm",NA,"STATIONARY_TRAFFIC","5",2025-05-27,"Beginn: 27.05.25 um 19:22 Uhr  Angespannte Verkehrslage, seit 27.05.2025, 19:22 A7: Füssen/Reutte -> Ulm, 0.3 km vor AS Füssen, aus Richtung Grenztunnel Füssen  Im Stillstand Durchschnittsgeschwindigkeit: 5 km/h",47.5714584208001,10.6603856613057
"A7","undefined--vi-zus.2025-03-31_00-40-00-000.f_019.de0","53.579141433849884,9.913430072127355,53.55636870091902,9.897540700000414","53.579141433849884,9.913430072127355","WARNING","A7 | Hamburg-Volkspark - Elbtunnel (Nordportal)"," Flensburg -> Hamburg",NA,NA,NA,2025-03-31,"Beginn: 31.03.25 um 00:40 Uhr  Zusammengesetzte Verkehrsinformation, seit 31.03.2025, 00:40 A7: Flensburg -> Hamburg, zwischen 0.4 km hinter AS Hamburg-Volkspark und 0.9 km vor Elbtunnel (Nordportal)  A7 Flensburg Richtung Hamburg Ausfahrt Hamburg-Othmarschen Fahrbahnverengung, maximale Fahrbahnbreite von 4,50 m, Bauarbeiten, bis 29.09.2025",53.5791414338499,9.91343007212735
"A7","undefined--vi-hind.2025-05-27_19-06-00-000.f_001.de0","54.73450642614091,9.388419063104065,54.66382294835108,9.4304675334504","54.73450642614091,9.388419063104065","WARNING","A7 | Altholzkrug - Jalm"," Flensburg -> Hamburg",NA,NA,NA,2025-05-27,"Beginn: 27.05.25 um 19:06 Uhr  Hindernis, seit 27.05.2025, 19:06 A7: Flensburg -> Hamburg, zwischen 1.7 km hinter Altholzkrug und 3.2 km vor Jalm  Gefahr durch Gegenstände auf der Fahrbahn",54.7345064261409,9.38841906310406
"A8","undefined--vi-zus.2025-03-26_17-59-56-000.f_015.de0","49.326077820633785,7.175408561967308,49.327350714671546,7.213275819282444","49.326077820633785,7.175408561967308","WARNING","A8 | Neunkirchen/Spiesen - Kohlhof"," Saarlouis -> Neunkirchen",NA,NA,NA,2025-03-26,"Beginn: 26.03.25 um 17:59 Uhr  Zusammengesetzte Verkehrsinformation, seit 26.03.2025, 17:59 A8: Saarlouis -> Neunkirchen, zwischen 1.7 km hinter AS Neunkirchen/Spiesen und 1.0 km vor Kohlhof  A8 Saarlouis - Neunkirchen zwischen Neunkirchen-Spiesen und Neunkirchen-Oberstadt in beiden Richtungen Bauarbeiten, bis voraussichtlich 01.06.2025",49.3260778206338,7.17540856196731
"A8","undefined--vi-zus.2025-05-14_09-27-08-000.f_001.de0","49.32628400979037,7.229641516813452,49.329166750017514,7.1882642393148934","49.32628400979037,7.229641516813452","WARNING","A8 | Neunkirchen-Wellesweiler - Neunkirchen/Spiesen"," Neunkirchen -> Saarlouis",NA,NA,NA,2025-05-14,"Beginn: 14.05.25 um 09:27 Uhr  Zusammengesetzte Verkehrsinformation, seit 14.05.2025, 09:27 A8: Neunkirchen -> Saarlouis, zwischen 0.4 km hinter AS Neunkirchen-Wellesweiler und 2.7 km vor AS Neunkirchen/Spiesen  A8 Saarlouis - Neunkirchen zwischen Neunkirchen-Spiesen und Neunkirchen-Oberstadt in beiden Richtungen Bauarbeiten, bis voraussichtlich 01.06.2025",49.3262840097904,7.22964151681345
"A8","undefined--vi-hind.2025-05-27_18-49-17-000.f_002.de0","48.87880896235229,8.788533567619504,48.88043910094538,8.78834459999995","48.87880896235229,8.788533567619504","WARNING","A8 | Pforzheim-Süd - Pforzheim"," Stuttgart -> Karlsruhe",NA,NA,NA,2025-05-27,"Beginn: 27.05.25 um 18:49 Uhr  Fahrzeug-Hindernis, seit 27.05.2025, 18:49 A8: Stuttgart -> Karlsruhe, zwischen AS Pforzheim-Süd und 3.3 km vor Pforzheim",48.8788089623523,8.7885335676195
"A8","undefined--vi-zus.2025-05-27_09-21-02-000.f_006.de0","48.87171411448063,8.789923350021171,48.92442112383553,8.749396668919323","48.87171411448063,8.789923350021171","WARNING","A8 | Heimsheim - Pforzheim-Nord"," Stuttgart -> Karlsruhe",5,"SLOW_TRAFFIC","40.70000076293945",2025-05-27,"Beginn: 27.05.25 um 09:21 Uhr  Zusammengesetzte Verkehrsinformation, seit 27.05.2025, 09:21 A8: Stuttgart -> Karlsruhe, zwischen 8.1 km hinter AS Heimsheim und 2.5 km vor AS Pforzheim-Nord  Langsamer Verkehr Reisezeitverlust: 5 Minuten Durchschnittsgeschwindigkeit: 40 km/h",48.8717141144806,8.78992335002117
"A8","undefined--vi-avl.2025-05-27_06-32-00-000.f.de0","47.807631812098556,12.119092028281655,47.80293337821077,12.16769406857796","47.807631812098556,12.119092028281655","WARNING","A8 | Inntal - Samerberg"," München -> Salzburg",19,"STATIONARY_TRAFFIC","10.5",2025-05-27,"Beginn: 27.05.25 um 06:32 Uhr  Angespannte Verkehrslage, seit 27.05.2025, 06:32 A8: München -> Salzburg, zwischen 1.7 km hinter AD Inntal und 0.7 km vor Samerberg  Im Stillstand Reisezeitverlust: 19 Minuten Durchschnittsgeschwindigkeit: 10 km/h",47.8076318120986,12.1190920282817
"A8","undefined--vi-avl.2025-05-27_07-05-25-000.f_013.de0","47.80762474981311,12.119184868020554,47.80762474981311,12.119184868020554","47.80762474981311,12.119184868020554","WARNING","A8 | Rosenheim - Rosenheim"," München -> Salzburg",NA,"STATIONARY_TRAFFIC","7",2025-05-27,"Beginn: 27.05.25 um 19:22 Uhr  Angespannte Verkehrslage, seit 27.05.2025, 19:22 A8: München -> Salzburg, 0.1 km vor AS Rosenheim, aus Richtung Inntal  Im Stillstand Durchschnittsgeschwindigkeit: 7 km/h",47.8076247498131,12.1191848680206
"A9","undefined--vi-avl.2025-05-27_15-18-52-000.f_021.de0","51.720350303528754,12.214784431959592,51.75123252760376,12.227216727549704","51.720350303528754,12.214784431959592","WARNING","A9 | Thurland - Dessau-Süd"," Halle/Leipzig -> Berlin",17,"STATIONARY_TRAFFIC","11.300000190734863",2025-05-27,"Beginn: 27.05.25 um 15:18 Uhr  Angespannte Verkehrslage, seit 27.05.2025, 15:18 A9: Halle/Leipzig -> Berlin, zwischen 1.4 km hinter AS Thurland und 0.1 km vor AS Dessau-Süd  Im Stillstand Reisezeitverlust: 17 Minuten Durchschnittsgeschwindigkeit: 11 km/h",51.7203503035288,12.2147844319596
"A9","undefined--vi-avl.2025-05-27_15-29-00-000.f.de0","51.72054671050242,12.214820647658472,51.72054671050242,12.214820647658472","51.72054671050242,12.214820647658472","WARNING","A9 | Mosigkauer Heide - Mosigkauer Heide"," Halle/Leipzig -> Berlin",NA,"STATIONARY_TRAFFIC","11",2025-05-27,"Beginn: 27.05.25 um 19:22 Uhr  Angespannte Verkehrslage, seit 27.05.2025, 19:22 A9: Halle/Leipzig -> Berlin, 0.4 km vor Mosigkauer Heide, aus Richtung Thurland  Im Stillstand Durchschnittsgeschwindigkeit: 11 km/h",51.7205467105024,12.2148206476585
"A9","undefined--vi-hind.2025-05-27_15-50-08-000.f_006.de0","51.751643337539,12.227543973793026,51.82044590093177,12.30743640002897","51.751643337539,12.227543973793026","WARNING","A9 | Mosigkauer Heide - Dessau-Ost"," Halle/Leipzig -> Berlin",NA,NA,NA,2025-05-27,"Beginn: 27.05.25 um 15:50 Uhr  Fahrzeug-Hindernis, seit 27.05.2025, 15:50 A9: Halle/Leipzig -> Berlin, zwischen 3.2 km hinter Mosigkauer Heide und 0.1 km vor AS Dessau-Ost",51.751643337539,12.227543973793
"A9","undefined--vi-zus.2025-05-27_15-50-08-000.f_010.de0","51.75371640093213,12.229146800025982,51.81867911462072,12.30564307053253","51.75371640093213,12.229146800025982","WARNING","A9 | Dessau-Süd - Dessau-Ost"," Halle/Leipzig -> Berlin",NA,NA,NA,2025-05-27,"Beginn: 27.05.25 um 15:50 Uhr  Zusammengesetzte Verkehrsinformation, seit 27.05.2025, 15:50 A9: Halle/Leipzig -> Berlin, zwischen 0.2 km hinter AS Dessau-Süd und 0.3 km vor AS Dessau-Ost  A9 Halle/Leipzig Richtung Berlin zwischen Dessau-Süd und Dessau-Ost 1 defekter LKW, gesperrt, Bergungsarbeiten defekter LKW, dessen Ladung wird mittels Kran umgesetzt.",51.7537164009321,12.229146800026
"A11","undefined--vi-avl.2025-05-27_19-22-30-000.f_002.de0","53.276655615516546,14.061946255806085,53.276655615516546,14.061946255806085","53.276655615516546,14.061946255806085","WARNING","A11 | Kreuz Uckermark - Kreuz Uckermark"," Kreuz Uckermark -> Berliner Ring",NA,"STATIONARY_TRAFFIC","10",2025-05-27,"Beginn: 27.05.25 um 19:22 Uhr  Angespannte Verkehrslage, seit 27.05.2025, 19:22 A11: Kreuz Uckermark -> Berliner Ring, 4.8 km vor AD Kreuz Uckermark, aus Richtung Schmölln  Im Stillstand Durchschnittsgeschwindigkeit: 10 km/h",53.2766556155165,14.0619462558061
"A11","undefined--vi-avl.2025-05-27_19-22-30-000.f_001.de0","53.276655615516546,14.061946255806085,53.27586261853443,14.060002860012771","53.276655615516546,14.061946255806085","WARNING","A11 | Schmölln - Kreuz Uckermark"," Stettin -> Berliner Ring",1,"STATIONARY_TRAFFIC","9.800000190734863",2025-05-27,"Beginn: 27.05.25 um 19:22 Uhr  Angespannte Verkehrslage, seit 27.05.2025, 19:22 A11: Stettin -> Berliner Ring, zwischen 4.1 km hinter AS Schmölln und 4.7 km vor AD Kreuz Uckermark  Im Stillstand Reisezeitverlust: 1 Minuten Durchschnittsgeschwindigkeit: 9 km/h",53.2766556155165,14.0619462558061
"A12","undefined--vi-avl.2025-05-27_12-32-25-000.f_009.de0","52.31555096194386,14.577355298076597,52.31474236365472,14.555532094102352","52.31555096194386,14.577355298076597","WARNING","A12 | Frankfurt(Oder) - Frankfurt(Oder)-Mitte"," Frankfurt(Oder) -> Berliner Ring",2,"SLOW_TRAFFIC","13.199999809265137",2025-05-27,"Beginn: 27.05.25 um 12:32 Uhr  Angespannte Verkehrslage, seit 27.05.2025, 12:32 A12: Frankfurt(Oder) -> Berliner Ring, zwischen Frankfurt(Oder) und 2.5 km vor AS Frankfurt(Oder)-Mitte  Langsamer Verkehr Reisezeitverlust: 2 Minuten Durchschnittsgeschwindigkeit: 13 km/h",52.3155509619439,14.5773552980766
"A12","WarnungA10Lkw3","47.61802931631098,12.202336027754352,47.61802931631098,12.202336027754352","47.61802931631098,12.202336027754352","WARNING","E45/E60 | LKW Blockabfertigung | A12-Inntal Autobahn","Richtung Italien",NA,NA,NA,2025-01-11,"Zeitraum: Beginn: 07.01.2025 Ende: 09.12.2025  Hinweis für LKW-Reisende nach Österreich: LKW-Blockabfertigungen an ausgewählten Tagen für Lkw am Grenzübergang Kufstein/Kiefersfelden. Maximaler Durchlass von 300 LKWs pro Stunde  Die genauen Ausführungszeiten und weitere Informationen auf tirol.gv.at/verkehr/verkehrs-und-seilbahnrecht/lkw-dosierung.",47.618029316311,12.2023360277544
"A12","WarnungA10Lkw2","47.6164490154047,12.202382557672273,47.6164490154047,12.202382557672273","47.6164490154047,12.202382557672273","WARNING","E43/E45/E60 | A13-Brenner Autobahn","Richtung Italien",NA,NA,NA,2025-01-11,"Zeitraum: Beginn: 11.01.2025 Ende: 27.09.2025  Hinweis für LKW-Reisende nach Österreich: LKW-Fahrverbot auf der A12-Inntal Autobahn, A13-Brenner Autobahn und A14-Rheintal/Walgau Autobahn, wenn das Ziel der Fahrt der Anschlussstelle Nößlach bis Anschlussstelle Brenner Nord der Richtungsfahrbahn Staatsgrenze der A 13 Brenner Autobahn erreicht werden soll. An ausgewählten Samstagen 7-15 Uhr sowie weiteren Tagen im Zeitraum 11.01. - 27.09.2025 Weitere Informationen auf http://asfinag.at/a13",47.6164490154047,12.2023825576723
"A13","undefined--vi-hind.2025-05-27_18-48-16-000.f_010.de0","51.787045862966295,13.878048307621663,51.82911720093795,13.90993860020572","51.787045862966295,13.878048307621663","WARNING","A13 | Calau - Kittlitz"," Dresden -> Schönefelder Kreuz",NA,NA,NA,2025-05-27,"Beginn: 27.05.25 um 18:48 Uhr  Fahrzeug-Hindernis, seit 27.05.2025, 18:48 A13: Dresden -> Schönefelder Kreuz, zwischen 0.3 km hinter AS Calau und 0.3 km vor AS Kittlitz Gefahr durch ein defektes Fahrzeug auf der Fahrbahn",51.7870458629663,13.8780483076217
"A15","undefined--vi-avl.2025-05-27_17-53-39-000.f_006.de0","51.707436229347316,14.409662913357797,51.70743960865035,14.432105135058007","51.707436229347316,14.409662913357797","WARNING","A15 | Cottbus-Süd - Roggosen"," Cottbus -> Breslau",0,"SLOW_TRAFFIC","68",2025-05-27,"Beginn: 27.05.25 um 17:53 Uhr  Angespannte Verkehrslage, seit 27.05.2025, 17:53 A15: Cottbus -> Breslau, zwischen 4.4 km hinter AS Cottbus-Süd und 2.4 km vor AS Roggosen  Langsamer Verkehr Reisezeitverlust: 0 Minuten Durchschnittsgeschwindigkeit: 68 km/h",51.7074362293473,14.4096629133578
"A17","undefined--vi-zus.2025-05-27_19-12-18-000.f.de0","50.82026170094333,13.887384300240237,50.825784654914514,13.887788152709305","50.82026170094333,13.887384300240237","WARNING","A17 | Breitenau-Schönwald - Bad Gottleuba"," Prag -> Dresden",0,"QUEUING_TRAFFIC","41.5",2025-05-27,"Beginn: 27.05.25 um 19:12 Uhr  Zusammengesetzte Verkehrsinformation, seit 27.05.2025, 19:12 A17: Prag -> Dresden, zwischen 4.5 km hinter Breitenau-Schönwald und 0.6 km vor AS Bad Gottleuba  Stockender Verkehr Reisezeitverlust: 0 Minuten Durchschnittsgeschwindigkeit: 41 km/h",50.8202617009433,13.8873843002402
"A21","undefined--vi-avl.2025-05-27_19-13-18-000.f.de0","53.829035561598126,10.31618928861474,53.85499931396672,10.305701108883595","53.829035561598126,10.31618928861474","WARNING","A21 | Bad Oldesloe-Nord - Leezen"," Bargteheide -> Kiel",1,"SLOW_TRAFFIC","68.69999694824219",2025-05-27,"Beginn: 27.05.25 um 19:13 Uhr  Angespannte Verkehrslage, seit 27.05.2025, 19:13 A21: Bargteheide -> Kiel, zwischen 2.0 km hinter AS Bad Oldesloe-Nord und 0.3 km vor AS Leezen  Langsamer Verkehr Reisezeitverlust: 1 Minuten Durchschnittsgeschwindigkeit: 68 km/h",53.8290355615981,10.3161892886147
"A23","undefined--vi-avl.2025-05-27_05-09-30-000.f_009.de0","53.670889116114814,9.807025182208026,53.6632325525171,9.816990445124759","53.670889116114814,9.807025182208026","WARNING","A23 | Pinneberg-Nord - Pinneberg-Mitte"," Heide -> Hamburg",0,"SLOW_TRAFFIC","65.69999694824219",2025-05-27,"Beginn: 27.05.25 um 05:09 Uhr  Angespannte Verkehrslage, seit 27.05.2025, 05:09 A23: Heide -> Hamburg, zwischen 1.1 km hinter AS Pinneberg-Nord und 1.0 km vor AS Pinneberg-Mitte  Langsamer Verkehr Reisezeitverlust: 0 Minuten Durchschnittsgeschwindigkeit: 65 km/h",53.6708891161148,9.80702518220803
"A23","undefined--vi-hind.2025-05-27_18-48-16-000.f_006.de0","53.716732680705555,9.755646789204054,53.67835910091804,9.797528500000368","53.716732680705555,9.755646789204054","WARNING","A23 | Tornesch - Pinneberg-Mitte"," Heide -> Hamburg",NA,NA,NA,2025-05-27,"Beginn: 27.05.25 um 18:48 Uhr  Fahrzeug-Hindernis, seit 27.05.2025, 18:48 A23: Heide -> Hamburg, zwischen AS Tornesch und 3.1 km vor AS Pinneberg-Mitte Gefahr durch ein defektes Fahrzeug auf der Fahrbahn",53.7167326807056,9.75564678920405
"A23","undefined--vi-avl.2025-05-27_19-18-30-000.f_002.de0","53.90462370982329,9.492890348378372,53.90462370982329,9.492890348378372","53.90462370982329,9.492890348378372","WARNING","A23 | Itzehoe-Süd - Itzehoe-Süd"," Heide -> Hamburg",NA,"STATIONARY_TRAFFIC","17",2025-05-27,"Beginn: 27.05.25 um 19:22 Uhr  Angespannte Verkehrslage, seit 27.05.2025, 19:22 A23: Heide -> Hamburg, 1.7 km vor AS Itzehoe-Süd, aus Richtung Stör  Im Stillstand Durchschnittsgeschwindigkeit: 17 km/h",53.9046237098233,9.49289034837837
"A23","undefined--vi-zus.2025-05-27_19-18-30-000.f.de0","53.90462370982329,9.492890348378372,53.90175108296931,9.49887414692095","53.90462370982329,9.492890348378372","WARNING","A23 | Stör - Itzehoe-Süd"," Heide -> Hamburg",0,"STATIONARY_TRAFFIC","26.100000381469727",2025-05-27,"Beginn: 27.05.25 um 19:18 Uhr  Zusammengesetzte Verkehrsinformation, seit 27.05.2025, 19:18 A23: Heide -> Hamburg, zwischen 2.7 km hinter Stör und 1.2 km vor AS Itzehoe-Süd  Im Stillstand Reisezeitverlust: 0 Minuten Durchschnittsgeschwindigkeit: 26 km/h",53.9046237098233,9.49289034837837
"A23","undefined--vi-zus.2025-05-27_15-23-08-000.f_002.de0","53.93362380091591,9.48204900000022,53.897668600916234,9.510677300000232","53.93362380091591,9.48204900000022","WARNING","A23 | Itzehoe-Nord - Itzehoe-Süd"," Heide -> Hamburg",NA,NA,NA,2025-05-27,"Beginn: 27.05.25 um 15:23 Uhr  Zusammengesetzte Verkehrsinformation, seit 27.05.2025, 15:23 A23: Heide -> Hamburg, zwischen 2.7 km hinter AS Itzehoe-Nord und 0.3 km vor AS Itzehoe-Süd  A23 Heide Richtung Hamburg
zwischen Itzehoe-Mitte und Itzehoe-Süd
gesperrt, Reinigungsarbeiten, Unfall",53.9336238009159,9.48204900000022
"A29","undefined--vi-unf.2025-05-27_19-01-28-000.f_001.de0","53.280333250118645,8.155044812232465,53.37491679550235,8.123661512415564","53.280333250118645,8.155044812232465","WARNING","A29 | Rastede - Varel-Obenstrohe"," Oldenburg -> Wilhelmshaven",NA,NA,NA,2025-05-27,"Beginn: 27.05.25 um 19:01 Uhr  Unfall, seit 27.05.2025, 19:01 A29: Oldenburg -> Wilhelmshaven, zwischen 4.4 km hinter AS Rastede und 0.4 km vor AS Varel-Obenstrohe",53.2803332501186,8.15504481223246
"A29","undefined--vi-zus.2025-05-27_18-40-06-000.f_002.de0","53.39400090092031,8.106415899999599,53.38114454558031,8.120564399103097","53.39400090092031,8.106415899999599","WARNING","A29 | Varel/Bockhorn - Varel-Obenstrohe"," Wilhelmshaven -> Oldenburg",NA,NA,NA,2025-05-27,"Beginn: 27.05.25 um 18:40 Uhr  Zusammengesetzte Verkehrsinformation, seit 27.05.2025, 18:40 A29: Wilhelmshaven -> Oldenburg, zwischen 0.4 km hinter AS Varel/Bockhorn und 0.3 km vor AS Varel-Obenstrohe  Gefahr durch eine ungesicherte Unfallstelle  Gefahr durch ein defektes Fahrzeugs auf der Fahrbahn  A29 Jadelinie, Wilhelmshaven Richtung Oldenburg zwischen Varel/Bockhorn und Varel-Obenstrohe Gefahr durch defektes Fahrzeug, Gefahr durch ungesicherte Unfallstelle",53.3940009009203,8.1064158999996
"A31","undefined--vi-avl.2025-05-27_19-06-30-000.f_004.de0","51.56805447807758,6.929987647568453,51.56805447807758,6.929987647568453","51.56805447807758,6.929987647568453","WARNING","A31 | Bottrop - Bottrop"," Gronau -> Oberhausen",NA,"STATIONARY_TRAFFIC","8",2025-05-27,"Beginn: 27.05.25 um 19:22 Uhr  Angespannte Verkehrslage, seit 27.05.2025, 19:22 A31: Gronau -> Oberhausen, 1.2 km vor AD Bottrop, aus Richtung Gladbeck  Im Stillstand Durchschnittsgeschwindigkeit: 8 km/h",51.5680544780776,6.92998764756845
"A31","undefined--vi-avl.2025-05-27_19-06-30-000.f_005.de0","51.56805447807758,6.929987647568453,51.557788137407314,6.9263298871816055","51.56805447807758,6.929987647568453","WARNING","A31 | Gladbeck - Bottrop"," Gronau -> Oberhausen",4,"STATIONARY_TRAFFIC","14.100000381469727",2025-05-27,"Beginn: 27.05.25 um 19:20 Uhr  Angespannte Verkehrslage, seit 27.05.2025, 19:20 A31: Gronau -> Oberhausen, zwischen 2.0 km hinter AS Gladbeck und AD Bottrop  Im Stillstand Reisezeitverlust: 4 Minuten Durchschnittsgeschwindigkeit: 14 km/h",51.5680544780776,6.92998764756845
"A37","undefined--vi-zus.2025-05-20_10-04-40-000.f_001.de0","52.44334628590801,9.935301512315387,52.43334834199593,9.899853532326219","52.44334628590801,9.935301512315387","WARNING","A37 | Beinhorn - Hannover-Kirchhorst"," Celle -> Hannover",NA,NA,NA,2025-05-20,"Beginn: 20.05.25 um 10:04 Uhr  Zusammengesetzte Verkehrsinformation, seit 20.05.2025, 10:04 B3: Celle -> Hannover, zwischen 0.2 km hinter AS Beinhorn und 1.1 km vor AK Hannover-Kirchhorst  A37 Messe - Burgdorf zwischen Kreuz Hannover-Buchholz und Beinhorn in beiden Richtungen geänderte Verkehrsführung im Baustellenbereich, Bauarbeiten, bis 30.10.2026 ca. 18:00 Uhr",52.443346285908,9.93530151231539
"A37","undefined--vi-zus.2025-05-20_10-04-40-000.f.de0","52.42566547847685,9.880479425875153,52.43157462758005,9.896382070271322","52.42566547847685,9.880479425875153","WARNING","Baustelle"," km 22.62 --> km 23.89",NA,NA,NA,2025-05-20,"Beginn: 20.05.25 um 10:04 Uhr  Zusammengesetzte Verkehrsinformation, seit 20.05.2025, 10:04 A37: km 22.62 --> km 23.89  A37 Messe - Burgdorf zwischen Kreuz Hannover-Buchholz und Beinhorn in beiden Richtungen geänderte Verkehrsführung im Baustellenbereich, Bauarbeiten, bis 30.10.2026 ca. 18:00 Uhr",52.4256654784769,9.88047942587515
"A39","undefined--vi-avl.2025-05-27_15-58-08-000.f_019.de0","52.14069841817297,10.332461251215816,52.14069841817297,10.332461251215816","52.14069841817297,10.332461251215816","WARNING","A39 | Salzgitter-Lichtenberg - Salzgitter-Lichtenberg"," Braunschweig -> Salzgitter",NA,"STATIONARY_TRAFFIC","11",2025-05-27,"Beginn: 27.05.25 um 19:22 Uhr  Angespannte Verkehrslage, seit 27.05.2025, 19:22 A39: Braunschweig -> Salzgitter, 2.9 km vor AS Salzgitter-Lichtenberg, aus Richtung Salzgitter-Lebenstedt-Süd  Im Stillstand Durchschnittsgeschwindigkeit: 11 km/h",52.140698418173,10.3324612512158
"A39","undefined--vi-zus.2025-05-27_15-50-08-000.f_005.de0","52.14068654047235,10.332421898450155,52.13573200092944,10.296639800000696","52.14068654047235,10.332421898450155","WARNING","A39 | Salzgitter-Lebenstedt-Süd - Salzgitter-Lichtenberg"," Braunschweig -> Salzgitter",13,"STATIONARY_TRAFFIC","10.699999809265137",2025-05-27,"Beginn: 27.05.25 um 15:50 Uhr  Zusammengesetzte Verkehrsinformation, seit 27.05.2025, 15:50 A39: Braunschweig -> Salzgitter, zwischen AS Salzgitter-Lebenstedt-Süd und 0.3 km vor AS Salzgitter-Lichtenberg  Im Stillstand Reisezeitverlust: 13 Minuten Durchschnittsgeschwindigkeit: 10 km/h",52.1406865404724,10.3324218984502
"A39","undefined--vi-hind.2025-05-27_15-54-39-000.f_010.de0","52.13574037233881,10.297746575838982,52.12158189411106,10.228942370817327","52.13574037233881,10.297746575838982","WARNING","A39 | Salzgitter-Lebenstedt-Süd - Westerlinde"," Braunschweig -> Salzgitter",NA,NA,NA,2025-05-27,"Beginn: 27.05.25 um 15:54 Uhr  Hindernis, seit 27.05.2025, 15:54 A39: Braunschweig -> Salzgitter, zwischen 2.6 km hinter AS Salzgitter-Lebenstedt-Süd und 0.3 km vor AS Westerlinde",52.1357403723388,10.297746575839
"A39","undefined--vi-hind.2025-05-27_16-24-20-000.f_006.de0","52.13573233073802,10.296680184120243,52.12157667658761,10.228930477310834","52.13573233073802,10.296680184120243","WARNING","A39 | Salzgitter-Lebenstedt-Süd - Westerlinde"," Braunschweig -> Salzgitter",NA,NA,NA,2025-05-27,"Beginn: 27.05.25 um 16:24 Uhr  Hindernis, seit 27.05.2025, 16:24 A39: Braunschweig -> Salzgitter, zwischen 2.7 km hinter AS Salzgitter-Lebenstedt-Süd und 0.3 km vor AS Westerlinde",52.135732330738,10.2966801841202
"A44","undefined--vi-avl.2025-05-27_18-31-15-000.f_002.de0","51.53609124778309,7.925315821626205,51.534078538507245,7.892850585642546","51.53609124778309,7.925315821626205","WARNING","A44 | Werl-Süd - Werl"," Kassel -> Dortmund",0,"SLOW_TRAFFIC","71.0999984741211",2025-05-27,"Beginn: 27.05.25 um 18:34 Uhr  Angespannte Verkehrslage, seit 27.05.2025, 18:34 A44: Kassel -> Dortmund, zwischen 0.5 km hinter AS Werl-Süd und AK Werl  Langsamer Verkehr Reisezeitverlust: 0 Minuten Durchschnittsgeschwindigkeit: 71 km/h",51.5360912477831,7.9253158216262
"A45","undefined--vi-avl.2025-05-27_06-06-30-000.f_004.de0","51.27237610408278,7.600025601887171,51.27237610408278,7.600025601887171","51.27237610408278,7.600025601887171","WARNING","A45 | Rehweg - Rehweg"," Hagen -> Gießen",NA,"QUEUING_TRAFFIC","20",2025-05-27,"Beginn: 27.05.25 um 19:22 Uhr  Angespannte Verkehrslage, seit 27.05.2025, 19:22 A45: Hagen -> Gießen, 0.5 km vor Rehweg, aus Richtung Kaltenborn  Stockender Verkehr Durchschnittsgeschwindigkeit: 20 km/h",51.2723761040828,7.60002560188717
"A45","undefined--vi-avl.2025-05-27_06-05-30-000.f_008.de0","51.272786148591095,7.599768755268131,51.263860400934774,7.60281269999918","51.272786148591095,7.599768755268131","WARNING","A45 | Kaltenborn - Lüdenscheid-Nord"," Hagen -> Gießen",2,"QUEUING_TRAFFIC","20",2025-05-27,"Beginn: 27.05.25 um 06:05 Uhr  Angespannte Verkehrslage, seit 27.05.2025, 06:05 A45: Hagen -> Gießen, zwischen 2.7 km hinter Kaltenborn und 0.8 km vor AS Lüdenscheid-Nord  Stockender Verkehr Reisezeitverlust: 2 Minuten Durchschnittsgeschwindigkeit: 20 km/h",51.2727861485911,7.59976875526813
"A46","undefined--vi-avl.2025-05-27_14-17-18-000.f_022.de0","51.22068306815508,7.067543913341173,51.22949824684949,7.088346817180908","51.22068306815508,7.067543913341173","WARNING","A46 | Haan-Ost - Wuppertal-Sonnborn"," Düsseldorf -> Wuppertal",1,"SLOW_TRAFFIC","41.900001525878906",2025-05-27,"Beginn: 27.05.25 um 14:17 Uhr  Angespannte Verkehrslage, seit 27.05.2025, 14:17 A46: Düsseldorf -> Wuppertal, zwischen 2.5 km hinter AS Haan-Ost und 1.0 km vor AS Wuppertal-Sonnborn  Langsamer Verkehr Reisezeitverlust: 1 Minuten Durchschnittsgeschwindigkeit: 41 km/h",51.2206830681551,7.06754391334117
"A46","undefined--vi-avl.2025-05-27_19-22-30-000.f_005.de0","51.22068306815508,7.067543913341173,51.22068306815508,7.067543913341173","51.22068306815508,7.067543913341173","WARNING","A46 | Wuppertal-Cronenberg - Wuppertal-Cronenberg"," Düsseldorf -> Wuppertal",NA,"SLOW_TRAFFIC","23",2025-05-27,"Beginn: 27.05.25 um 19:22 Uhr  Angespannte Verkehrslage, seit 27.05.2025, 19:22 A46: Düsseldorf -> Wuppertal, 1.8 km vor AS Wuppertal-Cronenberg, aus Richtung Haan-Ost  Langsamer Verkehr Durchschnittsgeschwindigkeit: 23 km/h",51.2206830681551,7.06754391334117
"A52","undefined--vi-avl.2025-05-27_13-44-55-000.f_017.de0","51.44159074176355,7.036863525112315,51.44159074176355,7.036863525112315","51.44159074176355,7.036863525112315","WARNING","A52 | Huttrop - Huttrop"," Düsseldorf -> Essen",NA,"STATIONARY_TRAFFIC","11",2025-05-27,"Beginn: 27.05.25 um 19:22 Uhr  Angespannte Verkehrslage, seit 27.05.2025, 19:22 A52: Düsseldorf -> Essen, 0.9 km vor Huttrop, aus Richtung Essen-Bergerhausen  Im Stillstand Durchschnittsgeschwindigkeit: 11 km/h",51.4415907417635,7.03686352511231
"A59","undefined--vi-avl.2025-05-27_13-11-02-000.f_012.de0","50.780421937249706,7.149400638422957,50.789078434081766,7.150074494794211","50.780421937249706,7.149400638422957","WARNING","A59 | Bonn-Nordost - Sankt Augustin-West"," Bonn -> Köln",0,"SLOW_TRAFFIC","58.099998474121094",2025-05-27,"Beginn: 27.05.25 um 13:11 Uhr  Angespannte Verkehrslage, seit 27.05.2025, 13:11 A59: Bonn -> Köln, zwischen 1.8 km hinter AD Bonn-Nordost und 0.3 km vor AD Sankt Augustin-West  Langsamer Verkehr Reisezeitverlust: 0 Minuten Durchschnittsgeschwindigkeit: 58 km/h",50.7804219372497,7.14940063842296
"A59","undefined--vi-hind.2025-05-27_18-12-45-000.f_004.de0","50.79992944993269,7.14181700682339,50.80106812095356,7.140945634494494","50.79992944993269,7.14181700682339","WARNING","A59 | Sankt Augustin-West - Troisdorf"," Bonn -> Köln",NA,NA,NA,2025-05-27,"Beginn: 27.05.25 um 18:12 Uhr  Fahrzeug-Hindernis, seit 27.05.2025, 18:12 A59: Bonn -> Köln, zwischen 1.1 km hinter AD Sankt Augustin-West und 0.9 km vor AS Troisdorf Gefahr durch ein defektes Fahrzeug auf der Fahrbahn",50.7999294499327,7.14181700682339
"A59","undefined--vi-avl.2025-05-27_17-08-51-000.f_030.de0","50.87118011561433,7.095288765620722,50.85903084078654,7.096679562864052","50.87118011561433,7.095288765620722","WARNING","A59 | Flughafen Köln/Bonn - Köln-Wahn"," Köln -> Bonn",0,"SLOW_TRAFFIC","65.5999984741211",2025-05-27,"Beginn: 27.05.25 um 17:08 Uhr  Angespannte Verkehrslage, seit 27.05.2025, 17:08 A59: Köln -> Bonn, zwischen 1.6 km hinter AS Flughafen Köln/Bonn und AS Köln-Wahn  Langsamer Verkehr Reisezeitverlust: 0 Minuten Durchschnittsgeschwindigkeit: 65 km/h",50.8711801156143,7.09528876562072
"A60","undefined--vi-zus.2025-04-08_08-38-20-000.f_005.de0","49.98125533976677,8.345695317688524,49.97565770865279,8.441396718063045","49.98125533976677,8.345695317688524","WARNING","A60 | Mainspitz-Dreieck - Rüsselsheimer Dreieck"," Mainz -> Rüsselsheim",NA,NA,NA,2025-04-08,"Beginn: 08.04.25 um 08:38 Uhr  Zusammengesetzte Verkehrsinformation, seit 08.04.2025, 08:38 A60: Mainz -> Rüsselsheim, zwischen 0.5 km hinter AD Mainspitz-Dreieck und 2.2 km vor AD Rüsselsheimer Dreieck  Sperrung der A60 bei Königstädten – Grundhafte Fahrbahnerneuerung zwischen dem Rüsselsheimer Dreieck und dem Mainspitz Dreieck. Die Niederlassung West der Autobahn GmbH erneuert zwischen dem Rüsselsheimer Dreieck (30) und dem Mainspitz Dreieck (26) die Fahrbahn. Von Donnerstagmorgen (24. April) bis Mitte Juli wird die Anschlussstelle (AS) Königstädten (29) in Fahrtrichtung (FR) Mainz sowie in FR Rüsselsheimer Dreieck gesperrt. Umleitungsmöglichkeiten sind ausgeschildert: • Ausfahrt FR Mainz: Umleitung via AS Rüsselsheim-Mitte • Einfahrt FR Mainz: innerstädtische Umleitung zur AS Rüsselsheim-Mitte (Adam-Opel-Straße / Kurt-Schumacher-Ring), von Nauheim kommend via L3482 zur AS Bischofsheim • Einfahrt FR Darmstadt: innerstädtische Umleitung zur AS Rüsselsheim-Mitte (Adam-Opel-Straße / Kurt-Schumacher-Ring) Die Autobahn GmbH bittet alle Verkehrsteilnehmer um Verständnis für die unvermeidlichen Verkehrsbehinderungen, die durch die Arbeiten entstehen.",49.9812553397668,8.34569531768852
"A60","undefined--vi-zus.2025-05-03_09-02-30-000.f_002.de0","49.977457399447445,8.454646346787307,49.981587265039146,8.34517285786785","49.977457399447445,8.454646346787307","WARNING","A60 | Rüsselsheimer Dreieck - Mainspitz-Dreieck"," Rüsselsheim -> Mainz",NA,NA,NA,2025-05-03,"Beginn: 03.05.25 um 09:02 Uhr  Zusammengesetzte Verkehrsinformation, seit 03.05.2025, 09:02 A60: Rüsselsheim -> Mainz, zwischen 0.6 km hinter AD Rüsselsheimer Dreieck und 0.5 km vor AD Mainspitz-Dreieck  Sperrung der A60 bei Königstädten – Grundhafte Fahrbahnerneuerung zwischen dem Rüsselsheimer Dreieck und dem Mainspitz Dreieck. Die Niederlassung West der Autobahn GmbH erneuert zwischen dem Rüsselsheimer Dreieck (30) und dem Mainspitz Dreieck (26) die Fahrbahn. Von Donnerstagmorgen (24. April) bis Mitte Juli wird die Anschlussstelle (AS) Königstädten (29) in Fahrtrichtung (FR) Mainz sowie in FR Rüsselsheimer Dreieck gesperrt. Umleitungsmöglichkeiten sind ausgeschildert: • Ausfahrt FR Mainz: Umleitung via AS Rüsselsheim-Mitte • Einfahrt FR Mainz: innerstädtische Umleitung zur AS Rüsselsheim-Mitte (Adam-Opel-Straße / Kurt-Schumacher-Ring), von Nauheim kommend via L3482 zur AS Bischofsheim • Einfahrt FR Darmstadt: innerstädtische Umleitung zur AS Rüsselsheim-Mitte (Adam-Opel-Straße / Kurt-Schumacher-Ring) Die Autobahn GmbH bittet alle Verkehrsteilnehmer um Verständnis für die unvermeidlichen Verkehrsbehinderungen, die durch die Arbeiten entstehen.",49.9774573994474,8.45464634678731
"A61","undefined--vi-hind.2025-05-27_18-56-01-000.f_001.de0","49.353345600943754,8.415573399999866,49.39154153507051,8.34080700828974","49.353345600943754,8.415573399999866","WARNING","A61 | Speyer - Dannstadt-Ost"," Speyer -> Ludwigshafen",NA,NA,NA,2025-05-27,"Beginn: 27.05.25 um 18:56 Uhr  Hindernis, seit 27.05.2025, 18:56 A61: Speyer -> Ludwigshafen, zwischen 0.5 km hinter AS Speyer und 1.7 km vor Dannstadt-Ost  Gefahr durch Gegenstände auf der Fahrbahn",49.3533456009438,8.41557339999987
"A61","undefined--vi-hind.2025-05-27_19-03-51-000.f.de0","50.617652019566926,6.981599815556035,50.61903599567493,6.980115511473938","50.617652019566926,6.981599815556035","WARNING","A61 | Meckenheim - Rheinbach"," Koblenz -> Mönchengladbach",NA,NA,NA,2025-05-27,"Beginn: 27.05.25 um 19:03 Uhr  Fahrzeug-Hindernis, seit 27.05.2025, 19:03 A61: Koblenz -> Mönchengladbach, zwischen 4.4 km hinter AK Meckenheim und 0.2 km vor AS Rheinbach Gefahr durch ein defektes Fahrzeug auf der Fahrbahn",50.6176520195669,6.98159981555604
"A61","undefined--vi-avl.2025-05-27_05-41-00-000.f.de0","51.121332298816725,6.42808701634911,51.13247170525055,6.424027422731335","51.121332298816725,6.42808701634911","WARNING","A61 | Mönchengladbach-Güdderath - Mönchengladbach-Wickrath"," Koblenz -> Mönchengladbach",1,"QUEUING_TRAFFIC","31",2025-05-27,"Beginn: 27.05.25 um 05:41 Uhr  Angespannte Verkehrslage, seit 27.05.2025, 05:41 A61: Koblenz -> Mönchengladbach, zwischen 0.3 km hinter AS Mönchengladbach-Güdderath und 0.9 km vor AS Mönchengladbach-Wickrath  Stockender Verkehr Reisezeitverlust: 1 Minuten Durchschnittsgeschwindigkeit: 31 km/h",51.1213322988167,6.42808701634911
"A61","undefined--vi-avl.2025-05-27_18-22-14-000.f_005.de0","51.121332298816725,6.42808701634911,51.121332298816725,6.42808701634911","51.121332298816725,6.42808701634911","WARNING","A61 | Mönchengladbach-Wickrath - Mönchengladbach-Wickrath"," Koblenz -> Mönchengladbach",NA,"QUEUING_TRAFFIC","14",2025-05-27,"Beginn: 27.05.25 um 19:22 Uhr  Angespannte Verkehrslage, seit 27.05.2025, 19:22 A61: Koblenz -> Mönchengladbach, 2.2 km vor AS Mönchengladbach-Wickrath, aus Richtung Mönchengladbach-Güdderath  Stockender Verkehr Durchschnittsgeschwindigkeit: 14 km/h",51.1213322988167,6.42808701634911
"A65","undefined--vi-avl.2025-05-27_19-18-30-000.f.de0","49.17084263882552,8.151736931841693,49.14169632096281,8.164104154145278","49.17084263882552,8.151736931841693","WARNING","A65 | Landau-Süd - Rohrbach"," Landau -> Karlsruhe",1,"SLOW_TRAFFIC","66.5999984741211",2025-05-27,"Beginn: 27.05.25 um 19:18 Uhr  Angespannte Verkehrslage, seit 27.05.2025, 19:18 A65: Landau -> Karlsruhe, zwischen 0.6 km hinter AS Landau-Süd und 0.2 km vor AS Rohrbach  Langsamer Verkehr Reisezeitverlust: 1 Minuten Durchschnittsgeschwindigkeit: 66 km/h",49.1708426388255,8.15173693184169
"A66","undefined--vi-hind.2025-05-27_18-18-17-000.f_002.de0","50.055867100940894,8.336380099999817,50.049894926794686,8.29766283374168","50.055867100940894,8.336380099999817","WARNING","A66 | Wiesbaden-Nordenstadt - Wiesbaden-Erbenheim"," Frankfurt -> Wiesbaden",NA,NA,NA,2025-05-27,"Beginn: 27.05.25 um 18:18 Uhr  Fahrzeug-Hindernis, seit 27.05.2025, 18:18 A66: Frankfurt -> Wiesbaden, zwischen 0.3 km hinter AS Wiesbaden-Nordenstadt und 0.3 km vor AS Wiesbaden-Erbenheim Gefahr durch ein defektes Fahrzeug auf der Fahrbahn",50.0558671009409,8.33638009999982
"A66","undefined--vi-hind.2025-05-27_18-36-32-000.f_002.de0","50.32767055165724,9.47107983153903,50.320023164678204,9.4379294673716","50.32767055165724,9.47107983153903","WARNING","A66 | Schlüchtern-Süd - Steinau a.d.Str."," Fulda -> Frankfurt",NA,NA,NA,2025-05-27,"Beginn: 27.05.25 um 18:36 Uhr  Fahrzeug-Hindernis, seit 27.05.2025, 18:36 A66: Fulda -> Frankfurt, zwischen 0.4 km hinter AS Schlüchtern-Süd und 0.3 km vor AS Steinau a.d.Str. Gefahr durch ein defektes Fahrzeug auf der Fahrbahn",50.3276705516572,9.47107983153903
"A70","undefined--vi-hind.2025-05-27_19-02-54-000.f_002.de0","49.978604800941234,10.558458200001166,49.977730685861076,10.666837699062503","49.978604800941234,10.558458200001166","WARNING","A70 | Knetzgau - Eltmann"," Schweinfurt/Werneck -> Bamberg",NA,NA,NA,2025-05-27,"Beginn: 27.05.25 um 19:02 Uhr  Fahrzeug-Hindernis, seit 27.05.2025, 19:02 A70: Schweinfurt/Werneck -> Bamberg, zwischen AS Knetzgau und 0.3 km vor AS Eltmann",49.9786048009412,10.5584582000012
"A73","undefined--vi-zus.2025-05-27_18-25-28-000.f_001.de0","49.82288190042517,11.009307280062615,49.79273000094202,11.02831950000342","49.82288190042517,11.009307280062615","WARNING","A73 | Hirschaid - Regnitztal"," Bamberg -> Nürnberg",NA,NA,NA,2025-05-27,"Beginn: 27.05.25 um 18:25 Uhr  Zusammengesetzte Verkehrsinformation, seit 27.05.2025, 18:25 A73: Bamberg -> Nürnberg, zwischen 0.2 km hinter AS Hirschaid und 5.0 km vor Regnitztal  Gefahr durch Gegenstände auf der Fahrbahn  A73 Bamberg Richtung Nürnberg in Höhe Buttenheim Gefahr durch Gegenstände auf der Fahrbahn, Standstreifen blockiert (größeres Reifenteil)",49.8228819004252,11.0093072800626
"A81","undefined--vi-hind.2025-05-27_18-07-01-000.f_004.de0","48.85752312171634,9.124855207756562,48.856767764538766,9.124376990832667","48.85752312171634,9.124855207756562","WARNING","A81 | Ludwigsburg-Süd - Stuttgart-Zuffenhausen"," Heilbronn -> Stuttgart",NA,NA,NA,2025-05-27,"Beginn: 27.05.25 um 18:07 Uhr  Fahrzeug-Hindernis, seit 27.05.2025, 18:07 A81: Heilbronn -> Stuttgart, zwischen 3.5 km hinter AS Ludwigsburg-Süd und 0.7 km vor AS Stuttgart-Zuffenhausen Gefahr durch ein defektes Fahrzeug auf der Fahrbahn",48.8575231217163,9.12485520775656
"A93","undefined--vi-hind.2025-05-27_18-48-16-000.f_009.de0","47.60506070094871,12.19372580003824,47.60563145084383,12.19475293679132","47.60506070094871,12.19372580003824","WARNING","A93 | Kiefersfelden - Inntal"," Kiefersfelden -> Rosenheim",NA,NA,NA,2025-05-27,"Beginn: 27.05.25 um 18:48 Uhr  Hindernis, seit 27.05.2025, 18:48 A93: Kiefersfelden -> Rosenheim, zwischen Kiefersfelden und 0.9 km vor Inntal  Gefahr durch Gegenstände auf der Fahrbahn",47.6050607009487,12.1937258000382
"A93","undefined--vi-hind.2025-05-27_18-48-16-000.f_008.de0","47.60563145084383,12.19475293679132,47.608884300948695,12.199134700038572","47.60563145084383,12.19475293679132","WARNING","A93 | Kiefersfelden - Inntal"," Kiefersfelden -> Rosenheim",NA,NA,NA,2025-05-27,"Beginn: 27.05.25 um 18:48 Uhr  Hindernis, seit 27.05.2025, 18:48 A93: Kiefersfelden -> Rosenheim, zwischen 0.1 km hinter Kiefersfelden und 0.4 km vor Inntal  Gefahr durch Gegenstände auf der Fahrbahn",47.6056314508438,12.1947529367913
"A100","undefined--vi-avl.2025-05-27_19-06-30-000.f_003.de0","52.49263797269197,13.293132150751129,52.49263797269197,13.293132150751129","52.49263797269197,13.293132150751129","WARNING","A100 | Kurfürstendamm(Schwarzbacher Straße) - Kurfürstendamm(Schwarzbacher Straße)"," Wilmersdorf -> Wedding",NA,"SLOW_TRAFFIC","15",2025-05-27,"Beginn: 27.05.25 um 19:22 Uhr  Angespannte Verkehrslage, seit 27.05.2025, 19:22 A100: Wilmersdorf -> Wedding, 0.2 km vor AS Kurfürstendamm(Schwarzbacher Straße), aus Richtung Hohenzollerndamm  Langsamer Verkehr Durchschnittsgeschwindigkeit: 15 km/h",52.492637972692,13.2931321507511
"A100","undefined--vi-avl.2025-05-27_10-57-01-000.f_010.de0","52.49262570428877,13.293153643748374,52.521239900929125,13.282059300092635","52.49262570428877,13.293153643748374","WARNING","A100 | Hohenzollerndamm - Siemensdamm"," Wilmersdorf -> Wedding",2,"SLOW_TRAFFIC","38.5",2025-05-27,"Beginn: 27.05.25 um 10:57 Uhr  Angespannte Verkehrslage, seit 27.05.2025, 10:57 A100: Wilmersdorf -> Wedding, zwischen 0.7 km hinter AS Hohenzollerndamm und 1.4 km vor AS Siemensdamm  Langsamer Verkehr Reisezeitverlust: 2 Minuten Durchschnittsgeschwindigkeit: 38 km/h",52.4926257042888,13.2931536437484
"A113","undefined--vi-zus.2025-05-23_04-57-30-000.f_001.de0","52.431770300930815,13.501964500120101,52.420514923982736,13.521858832895003","52.431770300930815,13.501964500120101","WARNING","A113 | Stubenrauchstraße - Rudower Höhe"," Neukölln -> Schönefeld",NA,NA,NA,2025-05-23,"Beginn: 23.05.25 um 04:57 Uhr  Zusammengesetzte Verkehrsinformation, seit 23.05.2025, 04:57 A113: Neukölln -> Schönefeld, zwischen 0.3 km hinter AS Stubenrauchstraße und Rudower Höhe  A113 Autobahnzubringer Dresden, Neukölln Richtung Schönefeld
zwischen Stubenrauchstraße und Tunnel Rudower Höhe
linker Fahrstreifen gesperrt, Bauarbeiten, bis voraussichtlich 20.06.2025",52.4317703009308,13.5019645001201
"A115","undefined--vi-zus.2024-10-09_07-09-40-000.f_532.de0","52.39943703551348,13.1842272579643,52.44227384698058,13.202709435405149","52.39943703551348,13.1842272579643","WARNING","A115 | Am Stern - Hüttenweg"," Dreieck Nuthetal -> Dreieck Funkturm",NA,NA,NA,2024-10-09,"Beginn: 09.10.24 um 07:09 Uhr  Zusammengesetzte Verkehrsinformation, seit 09.10.2024, 07:09 A115: Dreieck Nuthetal -> Dreieck Funkturm, zwischen 2.8 km hinter Am Stern und 3.8 km vor AS Hüttenweg  A115 Autobahnzubringer Magdeburg, Dreieck Nuthetal Richtung Dreieck Funkturm, zwischen Anschlussstelle Kleinmachnow und Anschlussstelle Spanische Allee, Baustelle, bis 31.10.2026 17:00 Uhr",52.3994370355135,13.1842272579643
"A391","undefined--vi-avl.2025-05-27_19-19-30-000.f.de0","52.303343927265324,10.508474299280108,52.305075500928275,10.509626000001052","52.303343927265324,10.508474299280108","WARNING","A391 | Ölper - Braunschweig-Hansestraße"," Braunschweig-Südwest -> Braunschweig-Nord",1,"STATIONARY_TRAFFIC","6.800000190734863",2025-05-27,"Beginn: 27.05.25 um 19:22 Uhr  Angespannte Verkehrslage, seit 27.05.2025, 19:22 A391: Braunschweig-Südwest -> Braunschweig-Nord, zwischen 2.6 km hinter AK Ölper und 0.3 km vor AS Braunschweig-Hansestraße  Im Stillstand Reisezeitverlust: 1 Minuten Durchschnittsgeschwindigkeit: 6 km/h",52.3033439272653,10.5084742992801
"A391","undefined--vi-avl.2025-05-27_19-20-00-000.f_001.de0","52.303343927265324,10.508474299280108,52.303343927265324,10.508474299280108","52.303343927265324,10.508474299280108","WARNING","A391 | Braunschweig-Hansestraße - Braunschweig-Hansestraße"," Braunschweig-Südwest -> Braunschweig-Nord",NA,"STATIONARY_TRAFFIC","6",2025-05-27,"Beginn: 27.05.25 um 19:22 Uhr  Angespannte Verkehrslage, seit 27.05.2025, 19:22 A391: Braunschweig-Südwest -> Braunschweig-Nord, 0.6 km vor AS Braunschweig-Hansestraße, aus Richtung Ölper  Im Stillstand Durchschnittsgeschwindigkeit: 6 km/h",52.3033439272653,10.5084742992801
"A555","undefined--vi-avl.2025-05-27_18-51-10-000.f_003.de0","50.746352498534044,7.073538334648645,50.746352498534044,7.073538334648645","50.746352498534044,7.073538334648645","WARNING","A555 | Bonn-Nord - Bonn-Nord"," Köln -> Bonn",NA,"SLOW_TRAFFIC","10",2025-05-27,"Beginn: 27.05.25 um 19:22 Uhr  Angespannte Verkehrslage, seit 27.05.2025, 19:22 A555: Köln -> Bonn, in Höhe AK Bonn-Nord, aus Richtung Bornheim (Rhld.)  Langsamer Verkehr Durchschnittsgeschwindigkeit: 10 km/h",50.746352498534,7.07353833464864
